~o <VecSize> 13 <NULLD><PLP_0>
~h "S"
<BeginHMM>
	<NumStates> 3
	<State> 2 <NumMixes> 3
		<Mixture> 1 0.333333
			<Mean> 13
				0.5376671395461 0.862173320368121 -0.433592022305684 2.76943702988488 0.725404224946106 -0.204966058299775 1.40903448980048 -1.20748692268504 0.488893770311789 -0.303440924786016 0.888395631757642 -0.809498694424876 0.325190539456198
			<Variance> 13
				1 1 1 1 1 1 1 1 1 1 1 1 1
		<Mixture> 2 0.333333
			<Mean> 13
				1.83388501459509 0.318765239858981 0.34262446653865 -1.34988694015652 -0.0630548731896562 -0.124144348216312 1.41719241342961 0.717238651328838 1.03469300991786 0.293871467096658 -1.14707010696915 -2.9442841619949 -0.754928319169703
			<Variance> 13
				1 1 1 1 1 1 1 1 1 1 1 1 1
		<Mixture> 3 0.333333
			<Mean> 13
				-2.25884686100365 -1.30768829630527 3.57839693972576 3.03492346633185 0.714742903826096 1.48969760778546 0.67149713360808 1.63023528916473 0.726885133383238 -0.787282803758638 -1.06887045816803 1.4383802928151 1.37029854009523
			<Variance> 13
				1 1 1 1 1 1 1 1 1 1 1 1 1
	<TransP> 3
0 1 0
0 0.9 0.1
0 0 0
<EndHMM>
